1302
1303
1304
1305
1307
1308
1309
1310
1311
1313
1314
1317
1318
1326
1327
1329
1332
1333
1335
1337
1339
1340
1341
1343
1345
1346
1348
1349
28037
29389
33040
45634
55085
59310
68891
68892
78535
82348
82806
83426
102684
102886
113107
114652
119224
119603
142596
149015
149016
150055
155680
165758
176090
197614
229549
230118
230119
230120
230121
230122
230123
230124
230125
231233
254785
254786
257758
269666
272771
282078
313439
315405
328300
349978
361101
380397
384613
400065
439219
439220
456876
488175
502567
573564
640031
648567
661498
671232
684066
701526
747656
759619
910939
1071886
1080071
1080072
1111760
1156431
1234680
1346684
1349415
1349416
1352223
1432788
1433513
1451356
1451357
1469425
1469428
1501662
1547447
1562651
1579424
1581472
1608583
1640501
1765960
1811193
1814128
1825069
1852387
1856638
1888195
1917441
1930533
1936207
1968889
2021971
2172545
2173853
2282420
2382163
2490633
2588991
2589786
2589788
2608887
2614158
2654874
2707003
2740577
2740579
2748301
2781599
2838763
1306
1319
1320
1324
1325
1328
1334
1336
1338
29390
33972
36470
40287
53354
69017
76860
82269
83427
83545
83546
83547
83549
96798
104215
116154
116155
116156
118670
118671
118672
126339
129711
129712
129713
129714
129715
134262
134263
134264
134265
134266
134267
134268
134269
140620
140623
140624
141279
143682
143683
143684
144179
144180
144181
150054
157150
163567
163568
163569
163598
163599
163600
165184
167506
168462
168463
168464
168465
168466
168467
170187
171101
172565
175633
175634
175635
175636
175637
175638
175639
176684
184480
184736
188749
189423
189725
193507
207547
207548
207549
209051
210007
211465
216466
216495
216600
218494
218495
224774
224775
224776
242649
242650
246201
246202
248610
248611
248612
248613
248614
248615
248616
248617
248618
248619
248620
248621
248622
248623
248624
248625
248626
248627
248628
248629
248630
248631
248632
248633
248634
248635
248636
248637
248638
248639
248640
248641
248642
248643
248644
248645
248646
248647
248648
248649
248650
248651
248652
248653
248654
248655
248656
248657
248658
248659
248660
248661
248662
248663
248664
248665
248666
248667
248668
248669
248670
248671
248672
248673
248674
248675
254744
264199
265604
268360
268361
269291
280945
285602
286604
299768
301447
301448
301449
301450
301451
301452
305914
305926
305950
307136
307137
307138
307139
307141
307142
307143
307144
307145
307146
307147
307148
307149
307150
310052
310053
310942
310943
312010
312011
314327
319700
322159
325784
325785
325786
325787
325788
325789
325790
325791
325792
325793
325794
325795
325796
325797
325798
325799
325800
325801
325802
325803
325805
327571
327572
327573
331519
334266
334267
334268
334269
334270
334271
334272
334273
336390
336391
342020
342021
342022
342023
342024
342613
342614
342615
342616
342617
344341
347253
349726
349727
349728
349729
349730
349731
349732
349733
349734
355315
358109
358110
358111
358112
358113
360421
364784
364785
365659
370957
373153
380418
381623
386372
386894
387634
388919
390635
390737
391295
391296
392829
399968
404330
404331
406369
406556
406557
406558
406559
406560
406561
406562
406563
407246
408189
410069
410073
410074
410076
410687
417901
417902
417903
417904
417905
417906
417907
417908
417910
421137
423211
429574
430456
434184
435839
435840
435841
435842
435843
435844
435845
435846
435847
435848
435849
435850
447375
447553
452862
453361
453362
453363
453364
453365
453366
459835
469609
482234
487213
487214
487975
488221
488222
488223
488429
488430
489548
489549
489550
489551
489552
489553
489554
489555
489556
489557
489558
489559
489560
489561
489562
489563
489564
489565
489566
489567
489568
489569
489570
489571
489572
489573
489574
489575
489576
489577
489578
489579
489580
489581
489582
489583
489584
489585
489586
489587
489588
489589
489590
489591
489592
489593
489594
489595
489596
489597
489598
489599
489600
489601
489602
489603
489604
489605
489606
489607
489608
489609
489610
489611
489612
489613
489614
489615
489616
489617
489618
497738
497739
497962
497963
497980
497981
504744
504745
507709
507710
507711
507712
511691
512566
512767
512768
512769
516950
525379
525380
525381
543541
545210
548996
561276
561522
562016
562017
562018
563036
563037
563038
568223
568813
568814
569624
570224
570225
570507
573563
574093
580941
585202
585203
585204
588121
595501
595665
595666
596322
622481
637987
637988
641558
641559
651223
655813
669333
669334
669335
669336
669337
669338
669339
669340
669341
669342
671226
671268
671269
671270
671271
671272
671273
671274
672190
675126
675127
681648
681649
681650
681651
681652
690860
690861
690862
697283
698878
699248
701131
701132
701133
701134
701135
707244
709531
712620
712621
712622
712623
712624
712625
712626
712627
712628
712629
712630
712631
712632
712633
712634
712635
712636
712637
712638
712639
712640
712641
712642
712643
712644
712645
712646
712647
712648
712649
712650
712651
712652
712653
712654
712655
712656
712657
712658
712659
712660
712661
712662
712663
712664
712665
712666
712667
712668
712669
712670
712671
712672
712673
712674
712675
712676
712677
712678
712679
712680
712681
712682
712683
712684
712685
712686
712687
712688
712689
712690
712691
712692
712693
712694
712695
712696
712697
712698
712699
712700
712701
712702
712703
712704
712705
712706
712707
712708
712709
713031
717460
720825
720826
720827
720828
720829
720830
720831
720832
720833
720834
720835
720836
720837
720838
720839
720840
720841
720842
742467
749766
749767
749768
749769
749770
760188
760189
760570
760742
760743
760744
760745
760746
760747
760748
760749
760750
760754
760755
760756
760758
760760
760763
760764
760765
760766
760767
760769
760770
760771
760772
760773
760774
760775
760776
760777
760778
760779
760780
760781
760782
760784
760785
760786
760787
760788
760790
760791
760792
760793
760794
760795
760797
760798
760799
760800
760801
760802
760803
760804
760805
760806
760808
760809
760810
760811
760812
760813
760814
760815
760816
760817
760818
760819
760820
760821
760822
760823
760824
760825
760826
760827
760828
760829
760830
760831
760832
760833
760834
760835
760837
760838
760839
760840
760841
760842
760843
760844
760845
760846
760847
760848
760850
760851
760852
760854
760855
760856
760858
760859
760860
760861
760862
760863
760864
760865
760866
760867
760868
760869
760870
760871
760872
760873
760876
760877
760878
760879
760880
760881
760882
760883
760884
760885
760886
760887
760888
764290
764291
764298
764299
765421
767463
768509
798299
857099
857100
857101
857102
857103
857104
857105
857106
857107
857108
857109
857110
857111
857112
857113
857114
857115
857116
857117
857118
857119
857120
857121
857122
857123
857124
857125
857126
857127
857128
857129
857130
857131
857132
857133
857134
857135
857136
857137
857138
857139
857140
857141
857142
857143
857144
857145
857146
857147
857148
857149
857150
857151
857152
857153
857154
857155
864567
864568
864569
865731
865732
865733
865734
865735
865736
865737
865738
865739
865740
865741
865742
865743
865744
865745
865746
865747
865754
869215
869216
869269
869303
869304
869305
869306
869307
869308
869309
869310
869311
869312
869313
869406
869801
871141
871142
871143
871144
871145
871146
871147
871148
871149
871150
871151
871152
871153
871154
871155
871237
872627
872628
872629
872630
872631
872632
872633
872634
872635
872636
872637
872638
872639
872641
872642
872643
872644
872645
872646
872647
872648
872649
872650
872651
872652
872653
872654
872655
872656
872657
872658
872659
872660
872661
872662
872663
872664
872665
872666
872667
872668
872669
872670
872671
872672
872673
872674
873447
873448
873449
875093
876138
880524
880525
881030
881031
881032
881033
881034
881035
881036
881037
881038
881039
881040
881041
881042
881043
881044
881045
881046
881047
881048
881049
881050
881051
881052
881053
881054
881055
881056
881057
881058
881059
881060
881061
881062
881063
881064
881065
881066
881067
881068
881069
881070
881071
881072
881073
881074
881075
881076
881077
881078
881079
881080
881081
881082
881083
881084
881085
881086
881087
881088
881089
881090
881091
881092
881093
881094
881095
881096
881097
881098
881099
881100
881101
881102
881103
881104
881105
881106
881107
881108
881109
881111
882087
882088
882089
882855
883168
886289
886951
888048
888049
888745
888746
888807
888808
888809
888810
888811
888812
888813
888814
888815
888816
888817
888818
888819
888820
888821
888822
888823
888824
888825
888833
889201
889204
889205
889206
889739
889965
904293
904306
905067
910313
910409
914129
914130
914131
914132
914133
914134
914135
914136
914137
914138
914139
914140
914141
914142
914143
914144
914145
914146
914147
914148
926449
926450
926451
926452
926453
926454
926455
926456
926457
926458
926459
926460
926461
926462
926463
926464
926465
926466
926467
926468
926469
926470
926471
926472
926473
927666
934106
935203
936154
936382
936383
936575
936576
936577
936578
936579
936580
936581
936582
936583
936584
936585
936586
936587
943954
945704
980691
981540
983417
985666
990515
990516
990517
990518
990519
990520
990521
990522
990523
990524
990525
990526
990527
990528
990529
990530
990531
990532
990533
990534
990535
990536
990537
990538
990539
990540
990541
990542
990543
990544
990545
993512
996306
996766
996793
997295
997356
997830
999382
999383
999384
999424
999425
1000562
1001744
1001745
1001746
1001747
1004951
1004952
1005041
1005042
1005704
1005705
1006914
1006915
1006916
1007064
1008452
1008453
1010840
1027806
1035185
1035187
1035189
1035190
1042404
1046629
1048332
1049005
1050217
1051074
1054460
1069623
1069624
1069625
1069626
1069627
1069628
1073372
1073373
1073569
1073570
1074052
1074053
1074054
1074055
1074056
1074057
1074058
1074059
1074060
1074061
1074062
1074063
1074064
1074065
1074066
1074067
1074068
1074069
1074070
1074071
1074072
1074073
1074074
1074076
1074077
1074078
1074079
1074080
1074081
1074082
1074083
1074084
1074085
1074086
1074088
1074089
1074090
1074092
1074093
1074094
1074095
1074100
1074101
1074102
1074104
1074105
1074106
1074107
1074108
1074109
1074111
1074112
1074113
1074114
1074115
1074116
1074117
1074118
1074119
1074120
1074121
1074122
1074123
1074124
1074125
1074126
1074127
1074128
1074129
1074130
1074132
1074133
1074134
1074135
1074136
1074137
1074138
1074139
1074140
1074142
1074143
1074144
1074146
1074148
1074149
1074150
1074151
1074152
1074153
1074154
1074155
1074156
1074157
1074158
1074159
1074160
1074161
1074162
1074163
1074164
1074165
1074166
1074167
1074168
1074169
1074170
1074171
1074173
1074175
1074176
1074177
1074178
1074179
1074180
1074181
1074182
1074183
1074184
1074185
1074186
1074189
1074190
1074191
1074494
1076934
1077464
1079905
1079906
1079907
1081659
1084196
1084197
1084488
1084489
1084490
1084491
1084492
1084493
1084494
1084495
1084496
1084497
1084498
1089299
1089300
1091038
1091589
1095726
1095727
1095733
1095734
1095735
1095736
1095737
1095738
1095739
1095740
1095741
1097670
1099803
1099804
1099805
1099806
1105032
1105115
1105116
1105117
1105118
1105119
1105120
1105121
1105231
1105232
1105233
1105234
1105235
1105236
1105237
1105238
1105239
1105240
1105241
1105242
1105243
1105244
1105245
1105246
1105247
1105248
1105249
1105250
1105251
1105252
1105253
1105254
1105255
1105256
1105257
1105258
1105259
1105260
1105261
1105262
1105263
1105264
1105265
1105266
1105267
1105268
1105269
1105270
1105271
1105272
1105273
1105274
1105275
1105276
1105277
1105278
1105279
1105280
1105281
1111132
1114965
1115810
1115811
1115812
1115813
1115814
1115815
1115816
1115817
1115818
1115819
1115820
1115821
1115822
1115823
1115824
1115825
1115826
1115827
1115828
1115829
1115830
1116231
1116789
1123298
1123299
1123300
1123301
1123302
1123303
1123304
1123305
1123306
1123307
1123308
1123309
1123310
1123311
1123312
1123314
1123315
1123316
1123317
1123318
1126568
1129131
1130804
1131627
1131628
1131629
1131630
1133783
1133784
1133785
1133786
1133787
1133788
1133789
1137560
1138874
1141412
1141413
1141414
1141415
1141416
1141417
1141418
1141419
1141420
1144215
1150773
1151538
1151551
1154770
1154771
1154772
1154773
1154774
1154775
1154776
1154777
1154778
1154779
1154780
1154781
1154782
1154783
1154784
1154785
1154786
1154787
1154788
1154789
1154790
1154791
1154792
1154793
1154794
1154795
1154796
1154797
1154798
1154799
1154800
1154801
1154802
1154803
1154804
1154805
1154806
1154807
1154808
1154809
1154810
1154811
1154812
1154813
1154814
1154815
1154816
1154817
1154818
1154819
1154820
1154821
1154822
1154823
1154824
1154825
1154826
1154827
1154828
1154829
1154830
1154831
1154832
1154833
1154834
1154835
1154836
1154837
1154838
1154839
1154840
1154841
1154842
1154843
1154844
1154845
1154846
1154847
1154848
1154849
1154850
1154851
1154852
1154853
1154854
1154855
1154856
1154857
1154858
1154859
1154860
1154861
1154862
1154863
1154864
1154865
1154866
1154867
1154868
1154869
1154870
1154871
1154872
1154873
1154874
1154875
1154876
1154877
1154878
1154879
1154880
1154881
1154882
1154883
1154884
1154885
1154886
1154887
1154888
1154889
1154890
1154891
1154892
1154893
1154894
1154895
1154896
1154897
1154898
1154899
1154900
1154901
1154902
1154903
1154904
1154905
1154906
1154907
1154908
1154909
1154910
1154911
1154912
1154913
1154914
1154915
1154916
1154917
1154918
1154919
1154920
1154921
1154922
1154923
1154924
1154925
1154926
1154927
1154928
1154929
1154930
1154931
1154932
1154933
1154934
1154935
1154936
1154937
1154938
1154939
1154940
1154941
1154942
1154943
1154944
1154945
1154946
1154947
1154948
1154949
1154950
1154951
1154952
1154953
1154954
1154955
1154956
1154957
1154958
1154959
1154960
1154961
1154962
1154963
1154964
1154965
1154966
1154967
1154968
1154969
1154970
1154971
1155071
1155485
1155486
1155487
1155488
1156432
1156741
1156742
1156743
1156744
1156939
1157305
1157306
1157946
1159081
1159082
1159083
1159084
1159085
1159086
1159087
1159088
1159089
1159090
1159091
1159092
1159093
1159094
1159095
1159096
1159097
1159098
1159099
1159100
1159101
1159102
1159208
1159209
1159210
1159211
1159212
1161413
1161414
1161415
1161416
1161417
1161418
1161421
1161427
1164510
1164511
1164512
1164513
1164514
1164515
1164516
1164517
1164518
1164519
1164520
1164521
1164522
1164523
1164524
1164525
1164526
1164527
1164528
1164529
1169670
1169671
1169672
1169673
1169674
1169675
1170167
1170466
1172362
1177533
1177534
1177535
1177536
1177537
1177538
1177539
1177540
1177541
1177542
1177543
1177544
1177545
1177546
1177547
1177548
1177549
1177550
1177551
1177552
1177553
1177554
1177555
1177556
1177557
1177558
1177559
1177560
1177561
1178404
1178526
1181664
1184252
1185839
1185840
1187956
1191051
1191052
1191053
1191440
1193575
1194208
1197949
1198314
1198676
1200521
1200527
1200540
1200552
1200793
1203590
1203591
1203670
1207544
1207545
1210006
1210041
1213458
1214148
1214149
1214150
1214151
1214152
1214153
1214154
1214155
1214156
1214157
1214158
1214159
1214160
1214161
1214162
1214163
1214164
1214165
1214166
1214167
1214168
1214169
1214170
1214171
1214172
1214173
1214174
1214175
1214176
1214177
1214178
1214179
1214180
1214181
1214182
1214183
1214184
1214185
1214186
1214187
1214188
1214189
1214190
1214191
1214192
1214193
1214194
1214195
1214196
1214197
1214198
1214199
1214200
1214201
1214202
1214203
1214204
1214205
1214206
1214207
1214208
1214209
1214210
1214211
1214212
1214213
1214214
1214215
1214216
1214217
1214218
1214219
1214224
1219643
1219644
1219645
1221645
1223491
1225186
1225187
1225188
1225189
1225190
1225191
1225192
1225193
1225194
1225195
1225196
1225197
1225198
1225199
1225200
1225201
1225202
1225203
1225204
1225205
1227275
1227953
1231389
1235829
1238422
1239784
1239786
1239787
1239788
1239789
1239790
1239791
1239792
1239793
1242695
1244088
1244089
1244090
1244091
1244092
1244093
1244094
1244095
1244096
1244097
1244098
1244099
1244100
1244101
1244102
1244103
1244104
1244105
1244106
1244110
1244273
1244274
1244275
1244276
1244277
1244278
1244279
1244280
1244281
1244282
1244283
1244284
1244285
1244286
1244287
1244288
1244289
1244290
1244291
1244292
1244293
1244294
1244295
1244296
1244297
1244298
1244299
1244300
1244301
1244302
1244303
1244304
1244305
1244306
1244307
1244308
1244309
1244310
1244311
1244312
1244313
1244314
1244315
1244316
1244317
1244318
1244319
1244320
1244321
1244322
1244323
1244324
1244325
1244326
1244327
1244328
1244329
1244330
1244331
1244332
1244333
1244334
1244335
1244336
1244337
1244338
1244339
1244340
1244341
1244342
1244343
1244344
1244345
1244346
1244347
1244348
1244349
1244350
1244351
1244352
1244353
1244354
1244355
1244356
1244357
1244358
1244359
1244360
1244361
1244362
1244363
1244364
1244365
1244366
1244367
1244368
1244369
1244370
1244371
1244372
1244373
1244374
1244375
1244376
1244377
1244378
1244379
1244380
1244381
1244382
1244383
1244384
1244385
1244386
1244387
1244388
1244389
1244390
1244391
1244392
1244393
1244394
1244395
1244396
1244397
1244398
1244399
1244400
1244401
1244402
1244403
1244404
1244405
1244406
1244407
1244408
1244409
1244410
1244411
1244412
1244413
1244414
1244415
1244416
1244417
1244418
1244419
1244420
1244421
1244422
1244423
1244424
1244425
1244426
1244427
1244428
1244429
1244430
1244431
1244432
1244433
1244434
1244435
1244436
1244437
1244438
1244439
1244440
1244441
1244442
1244443
1244444
1244445
1246365
1247655
1255612
1255635
1257037
1257038
1257039
1257040
1257041
1257042
1260129
1260132
1261567
1263109
1263110
1263536
1265684
1265992
1266066
1266067
1266068
1266069
1266070
1268061
1272951
1272954
1273386
1273539
1276647
1279012
1280690
1280704
1281467
1281468
1294274
1294623
1294624
1294625
1294626
1294627
1295007
1297859
1301643
1301644
1301645
1302863
1304891
1307435
1308737
1308744
1308745
1309806
1309807
1310047
1310048
1315307
1315308
1315309
1315310
1315311
1316408
1316409
1316410
1316411
1316412
1316589
1318615
1318633
1319179
1319180
1319181
1319182
1319183
1319184
1319185
1319186
1319187
1319188
1319189
1319190
1319191
1319192
1319193
1319194
1319195
1319196
1319197
1319198
1319199
1319200
1319201
1319202
1319203
1319204
1319205
1319206
1319207
1319208
1319209
1319210
1319211
1319212
1319213
1319214
1319215
1319216
1319217
1319218
1319219
1319220
1319221
1319222
1319223
1319224
1319225
1319226
1319227
1319228
1319229
1319230
1319231
1319232
1319233
1319234
1319235
1319236
1319237
1319238
1319239
1319240
1319241
1319242
1319243
1319244
1319245
1319246
1319247
1319248
1319249
1319250
1319251
1319252
1319253
1319254
1319255
1319256
1319257
1319258
1319259
1319260
1319261
1319262
1319263
1319264
1319265
1319266
1319267
1319268
1319269
1319270
1319271
1319272
1319273
1319274
1319275
1319276
1319277
1319278
1319279
1319280
1319281
1319282
1319283
1319284
1319285
1319286
1319287
1319288
1319289
1319290
1319291
1319292
1319293
1319294
1319295
1319296
1319297
1319298
1319299
1319300
1319301
1319302
1319303
1319304
1319305
1319306
1319307
1319308
1321372
1323666
1323667
1323668
1323669
1323670
1323671
1323672
1323673
1323674
1323675
1323676
1323677
1323678
1323679
1323680
1323681
1323682
1323683
1323684
1323685
1323686
1323687
1323688
1323689
1323690
1323691
1323692
1323693
1323694
1323695
1323696
1323697
1323698
1323699
1323700
1323701
1323702
1323703
1323704
1323705
1323706
1323707
1323708
1323709
1324044
1327998
1330041
1330042
1330044
1333524
1333564
1333565
1333566
1333567
1333568
1333569
1333570
1333571
1333572
1333573
1333574
1333575
1333576
1333577
1333578
1333579
1336746
1340433
1340484
1340485
1340486
1340497
1340847
1345153
1345154
1346685
1348333
1348571
1348572
1348573
1348574
1348661
1348782
1351889
1351890
1351891
1351892
1351893
1351894
1351895
1351896
1351897
1351898
1351899
1351900
1351901
1351902
1351903
1351904
1351905
1351906
1351907
1351908
1351909
1351910
1351911
1351912
1351913
1351914
1351915
1351916
1351917
1351918
1351919
1351920
1351921
1351922
1351923
1352931
1367211
1367213
1367214
1367478
1367479
1367480
1367481
1367482
1367483
1367484
1367485
1380428
1380773
1385386
1385387
1385388
1385389
1390076
1390077
1390078
1390079
1390080
1390081
1390082
1390083
1390084
1390369
1394761
1403829
1403937
1403947
1404260
1408178
1408179
1409865
1410005
1410006
1410007
1410008
1410010
1410011
1410012
1410013
1410014
1410015
1410016
1410017
1410018
1410020
1410021
1410675
1415519
1415758
1415759
1415760
1415761
1415762
1415763
1415764
1415765
1415766
1415776
1416913
1417990
1418106
1419624
1419814
1420586
1423145
1427374
1432097
1433288
1433289
1433511
1433512
1433514
1433515
1433517
1433518
1433519
1433520
1433521
1433537
1433538
1433539
1435972
1435974
1435981
1436725
1437007
1437008
1437447
1437781
1438985
1438986
1438987
1438988
1438989
1438990
1438991
1438992
1438993
1438994
1438995
1438996
1438997
1438998
1438999
1439000
1439001
1439002
1439003
1439004
1439005
1439006
1439007
1439008
1439009
1439010
1439011
1439012
1439013
1439014
1439015
1439016
1439017
1439018
1439019
1439020
1439021
1439022
1439023
1439024
1439025
1439026
1439027
1439028
1439029
1439030
1439031
1439032
1439033
1439034
1439035
1439036
1439037
1439038
1439039
1439040
1439041
1439042
1439043
1439044
1439045
1439046
1439047
1439048
1439049
1439050
1439051
1439052
1439053
1439054
1439055
1439056
1439057
1439058
1439059
1439060
1439061
1439062
1439063
1439064
1439065
1439066
1439067
1439068
1439069
1439070
1439071
1439072
1439073
1439074
1439075
1439076
1439077
1439078
1439079
1439080
1439081
1439082
1439083
1439084
1439085
1439086
1439087
1439088
1439089
1439090
1439091
1439092
1439093
1439094
1439095
1439096
1439097
1439098
1439099
1439100
1439101
1439102
1439103
1439104
1439105
1439106
1439107
1439108
1439109
1439110
1439111
1439112
1439113
1439114
1439115
1439116
1439117
1439118
1439119
1439120
1439121
1439122
1439123
1439124
1439125
1439126
1439127
1439128
1439129
1439130
1439131
1439132
1439133
1439134
1439135
1439136
1439137
1439138
1439139
1439140
1439141
1439142
1439143
1439144
1439145
1439146
1439147
1439148
1439149
1439150
1439151
1439152
1439153
1439154
1439155
1439156
1439157
1439158
1439159
1439160
1439161
1439162
1439163
1439164
1439165
1439166
1439167
1439168
1439169
1439170
1439171
1439172
1439173
1439174
1439175
1439176
1439177
1439178
1439179
1439180
1439181
1439182
1439183
1439184
1439185
1439186
1439187
1439188
1439189
1439190
1439191
1439192
1439193
1439194
1439195
1439196
1439197
1439198
1439199
1439200
1439201
1439202
1439203
1439204
1439205
1439206
1439207
1439208
1439209
1439210
1439211
1439212
1439213
1439214
1439215
1439216
1439217
1439218
1439219
1439220
1439221
1439222
1439223
1439224
1439225
1439226
1439227
1439228
1439229
1439230
1439231
1439232
1439233
1439234
1439235
1439236
1439237
1439238
1439239
1439240
1439241
1439242
1439243
1439244
1439245
1439246
1439247
1439248
1439249
1439250
1439251
1439252
1439253
1439254
1439255
1439256
1439257
1439258
1439259
1439260
1439261
1439262
1439263
1439264
1439265
1439266
1439267
1439268
1439269
1439270
1439271
1439272
1439273
1439274
1439275
1439276
1439277
1439278
1439279
1439280
1439281
1439282
1439283
1439284
1439285
1439286
1439287
1439288
1439289
1439290
1439291
1439292
1439293
1439294
1439295
1439296
1439297
1439298
1439299
1439300
1439301
1439302
1439303
1439304
1439305
1439306
1439307
1439308
1439309
1439310
1439311
1439312
1439313
1439314
1439315
1441060
1444735
1444736
1444737
1444738
1444739
1444740
1444741
1444742
1444743
1444785
1444786
1444787
1444788
1444789
1444790
1444791
1444792
1444793
1444794
1444795
1444796
1444797
1444798
1444799
1444800
1444801
1444802
1444803
1444804
1444805
1444806
1444807
1444808
1444809
1444810
1444811
1444812
1444813
1444814
1444815
1444816
1444817
1444818
1444819
1444820
1444821
1444822
1444823
1444824
1444825
1444826
1444827
1444828
1444829
1444830
1444831
1444832
1444833
1444834
1444835
1444836
1444837
1444838
1444839
1444840
1444841
1444842
1444843
1444844
1444845
1444846
1444847
1444848
1444849
1444850
1444851
1444852
1444853
1444854
1444855
1444856
1444857
1444858
1444859
1444860
1444861
1444862
1444863
1444864
1444865
1444866
1444867
1444868
1444869
1444870
1444871
1444872
1444873
1444874
1444875
1444876
1444877
1444878
1444879
1444880
1444881
1444882
1444883
1444884
1444885
1444886
1444887
1444888
1444889
1444890
1444891
1444892
1444893
1444894
1444895
1444896
1444897
1444898
1444899
1444900
1444901
1444902
1444903
1444904
1444905
1444906
1444907
1444908
1444909
1444910
1444911
1444912
1444913
1444914
1444915
1444916
1444917
1444918
1444919
1444920
1444921
1444922
1444923
1444924
1444925
1444926
1444927
1444928
1444929
1444930
1444931
1444932
1444933
1444934
1444935
1444936
1444937
1444938
1444939
1444940
1444941
1444942
1444943
1444944
1444945
1444946
1444947
1444948
1444949
1444950
1444951
1444952
1444953
1444954
1444955
1444956
1444957
1444958
1444959
1444960
1444961
1444962
1444963
1444964
1444965
1444966
1444967
1444968
1444969
1444970
1444971
1444972
1444973
1444974
1444975
1449354
1449967
1449968
1449969
1449970
1449971
1450181
1450182
1450183
1450184
1450185
1450186
1450187
1450188
1450189
1450190
1450191
1450192
1452719
1454384
1458253
1459602
1459603
1472042
1472043
1472044
1472045
1472046
1472047
1472048
1472860
1479602
1481700
1481701
1481702
1481703
1481704
1481705
1502645
1506492
1514818
1514820
1514821
1514822
1538017
1538018
1538019
1538020
1577404
1579281
1579339
1579341
1579342
1579343
1579348
1579350
1581076
1581080
1581086
1581456
1589266
1589267
1604598
1608855
1608856
1608868
1608893
1640410
1645535
1647728
1647729
1647730
1653190
1665539
1665540
1665541
1665542
1665543
1665544
1672816
1672817
1672818
1672819
1676616
1680973
1680974
1680975
1680976
1680977
1680978
1680979
1680980
1680981
1680982
1680983
1697270
1702171
1705604
1707588
1708562
1713182
1714573
1715022
1715050
1715051
1715053
1715058
1715077
1715078
1715081
1715086
1715089
1715092
1715098
1715102
1715107
1715110
1715113
1715115
1715116
1715119
1715122
1715124
1715132
1715134
1715164
1715165
1715176
1715180
1715182
1715183
1715186
1715202
1715207
1715209
1735571
1736132
1737513
1739263
1739265
1739266
1739268
1739270
1739275
1739281
1739284
1739287
1739290
1739299
1739309
1739321
1739322
1739336
1739341
1739357
1739371
1739374
1739380
1739381
1739389
1739391
1739397
1739408
1739421
1739422
1739427
1739430
1739433
1739437
1739453
1739454
1739461
1739466
1739467
1739472
1739474
1739483
1739488
1739491
1739495
1739505
1739519
1739532
1739549
1748463
1748464
1748465
1748466
1755619
1755620
1759399
1768764
1768767
1768771
1768777
1776578
1777878
1777879
1777880
1777881
1784889
1784890
1784891
1784892
1784893
1784894
1784895
1784896
1784897
1784898
1784899
1784900
1784901
1784902
1784903
1784904
1784905
1784906
1784907
1784908
1784909
1784910
1784911
1784912
1784913
1784914
1784915
1784916
1784917
1784918
1784919
1784920
1784921
1784922
1784923
1784924
1784925
1784926
1784927
1794688
1794689
1794690
1794691
1794692
1807440
1807441
1807442
1807443
1807444
1807445
1807446
1807447
1807448
1807449
1807450
1807451
1807452
1807453
1807454
1807455
1807456
1807457
1807458
1807459
1807460
1807461
1807462
1807463
1807464
1807465
1807466
1807467
1807468
1807469
1807470
1807471
1807472
1807473
1807474
1807475
1807476
1807477
1807478
1807479
1807480
1807481
1807482
1807483
1807484
1807485
1807486
1807487
1807488
1807489
1807490
1807491
1807492
1807493
1807494
1807495
1807496
1807497
1807498
1825570
1836599
1839799
1849793
1853322
1855326
1855327
1856354
1859627
1859628
1859629
1859630
1859631
1860161
1862366
1891914
1902136
1903702
1913068
1915004
1938826
1938827
1938828
1938829
1940319
1947562
1947563
1947564
1947565
1947566
1969535
1975706
1979528
1981075
1987044
1987045
1987046
1987047
1987048
1987049
1987050
1987051
1987052
1987053
1987054
1987055
1987056
1987057
1987058
1987059
1987060
1987061
1987062
1987063
1987064
1987065
2012794
2021125
2033848
2069308
2069309
2070815
2070816
2070817
2070818
2070819
2070820
2070821
2070822
2070823
2070824
2070825
2070826
2070827
2070828
2070829
2070830
2070831
2070832
2070833
2070834
2070835
2070836
2070837
2070838
2070839
2070840
2070841
2070842
2070843
2070844
2070845
2070846
2070847
2070848
2070849
2070850
2070851
2070852
2070853
2070854
2070855
2070856
2070857
2070858
2201795
2250596
2282136
2283190
2292266
2293246
2293247
2316646
2420308
2420309
2420310
2478956
2479842
2487315
2487316
2487317
2487318
2487711
2491052
2496638
2500163
2545465
2558276
2558279
2558284
2576376
2582630
2582631
2582632
2582633
2582634
2582635
2582636
2582637
2582638
2582639
2582640
2582641
2582642
2582643
2582644
2582645
2582646
2582647
2582648
2582649
2582650
2582651
2582652
2582653
2582654
2582655
2582656
2582657
2582658
2582659
2582660
2582661
2582662
2582663
2582664
2582665
2582666
2582667
2582668
2582669
2582670
2582671
2582672
2582673
2582674
2582675
2582676
2582677
2582678
2582679
2582680
2582681
2582682
2582683
2582684
2582685
2582686
2582687
2582688
2582689
2582690
2582691
2583583
2583584
2583585
2583586
2584682
2589787
2592044
2598453
2598457
2600147
2600148
2600149
2608888
2608913
2610896
2653499
2663848
2663849
2664091
2675755
2675756
2684658
2686210
2691091
2698804
2709399
2709400
2710601
2710759
2720395
2720396
2720570
2720575
2724128
2725308
2730363
2730391
2730394
2736608
2759692
2762444
2762564
2762565
2762566
2762567
2762568
2762569
2762570
2762571
2762572
2762573
2763067
2763068
2764713
2766953
2782468
2782470
2782472
2785791
2785792
2785793
2787122
2787143
2797637
2813787
2816382
2816383
2819619
2822799
2822800
2825889
2828286
2841061
2841062
2849884
2849885
2849886
2849887
2849888
2849889
2849890
2849891
2849892
2849893
2849894
2849895
2849896
2849897
2849898
2849899
2849900
2849901
2849902
2849903
2849904
2849905
2849906
2849907
2849908
2849909
2849910
2849911
2849912
2849913
2849914
2849915
2849916
2849917
2849918
2849919
2849920
2849921
2849922
2849923
2849924
2849925
2849926
2849927
2849928
2849929
2849930
2849931
2849932
2849933
2849934
2849935
2849936
2849937
2849938
2849939
2849940
2849941
2849942
2849943
2849944
2849945
2849946
2849947
2849948
2849949
2849950
2849951
2849952
2849953
2849954
2849955
2849956
2849957
2849958
2849959
2849960
2849961
2849962
2849963
2849964
2849965
2849966
2849967
2849968
2850050
2850051
2850052
2850053
2850054
2850055
2850056
2850057
2850058
2850059
2850060
2850061
2850062
2850063
2850064
2850065
2850066
2850067
2850068
2850069
2853160
2866513
2866596
2866597
2866598
2866599
2866998
2870782
2870783
2870784
2883234
2898231
2898232
2905972
2916965
2939831
2939843
2939850
2939854
2939865
2939878
2939895
2939908
2939942
2939944
2940014
----------1351
1352
1353
1354
1355
1356
1358
1359
1363
1364
1365
1366
1579
1582
1584
1587
1589
1590
1596
1597
1598
1600
1601
1604
1605
1606
1613
1622
1623
1624
1626
1628
1632
1633
1680
1681
1683
1684
1685
1686
1687
1688
1689
1691
1692
1693
1694
28025
28026
28039
29399
33905
33945
33959
35760
35787
37734
41997
44007
44008
44009
47493
47715
47770
52242
53345
53346
57037
57732
60520
71451
71452
77635
78342
78343
78345
78346
78448
81857
83683
88164
88233
89059
89277
96565
97478
104955
109790
112904
116089
118060
134232
135024
137357
137735
147802
147809
148604
150033
151781
152270
154621
155617
155618
158787
160453
160454
167971
171523
176293
180216
181675
212365
214095
216816
218140
220674
227942
227943
227944
227945
228229
230136
230137
237446
237615
246144
246618
249189
267818
271881
273523
303538
303539
303540
303541
307126
316518
317010
317735
319970
327277
328396
332949
332950
337306
355523
356829
357441
357762
361854
381741
381742
386879
395085
396268
396716
417368
417373
420645
433614
446044
449659
451457
453959
471511
483011
508451
518643
590158
610251
638617
638619
655183
706562
762209
762210
762211
762212
762833
762845
872327
903983
903984
930854
931533
942150
943673
944671
947835
983706
990412
1077675
1122144
1123687
1131292
1151742
1155073
1159752
1159753
1203033
1203069
1218493
1218494
1218506
1218507
1242999
1274384
1281486
1296537
1296538
1296539
1303817
1329411
1333651
1450649
1453587
1454229
1457217
1457219
1494461
1494462
1500797
1505723
1505727
1603886
1630162
1630166
1630172
1630173
1640685
1652957
1653207
1665476
1670446
1765219
1769423
1769424
1798155
1798157
1798158
1805431
1808352
1809734
1819254
1852364
1940789
1960968
1960969
1970790
1984871
2005703
2012477
2012495
2020963
2020964
2020965
2025039
2045438
2045439
2045440
2045441
2052656
2052941
2100821
2107999
2169526
2172043
2201249
2269374
2306423
2306972
2306973
2306974
2306975
2306976
2364791
2419773
2480627
2486010
2486011
2486012
2486013
2486014
2486015
2490545
2493111
2493119
2493120
2495899
2508708
2559915
2559916
2559917
2559918
2559919
2559920
2559924
2559925
2559926
2559927
2559929
2562524
2568007
2592653
2608891
2608897
2610880
2614131
2620435
2643510
2650773
2650774
2661627
2661628
2668065
2675321
2675322
2675323
2675324
2675325
2709157
2709158
2729623
2742599
2742600
2742601
2749961
2749962
2750947
2750967
2750996
2759744
2759747
2759748
2759752
2759755
2759855
2767843
2767845
2767920
2771493
2775881
2797258
2799571
2799574
2799577
2809026
2809027
2809028
2834431
2834432
2834433
2834434
2834435
2834436
2834437
2837628
2837632
2838561
2838562
2838563
2838636
2838639
2838640
2838641
2838642
2838643
2838645
2838646
2838647
2838648
2838649
2838650
2838651
2838652
2838653
2838724
2839759
2841034
1360
1585
1591
1593
1627
1679
1682
1690
1695
29397
31954
35783
41200
44244
44272
44273
47714
78257
78344
79262
83684
88430
89060
89278
90908
94706
94707
97137
106576
106577
113051
113052
113053
113054
113055
113056
113057
113058
113059
113060
113061
113062
113063
113064
113065
113066
113557
114669
116016
119498
119499
120475
120476
120542
120544
120546
120547
120548
120549
120550
123779
123780
123781
123782
131156
131157
132269
132270
132271
132272
132273
132274
132275
132276
132277
132278
132279
132280
132281
132282
132283
132284
132285
132286
132287
132288
132289
132290
132291
132292
132293
132294
132295
132296
132297
132298
132299
132300
132301
132302
132303
132304
132305
132306
132307
132308
132309
132310
132311
132312
132313
132314
132315
132316
132317
132318
132319
132320
132321
132322
132323
132324
132325
132326
132327
132328
132329
132330
132331
132332
132333
132334
132335
132336
132337
132338
134233
135023
135025
136427
136428
136429
136430
136431
137736
138809
142062
142593
144201
144202
146683
146684
146685
146686
146687
146688
146689
146690
146691
146692
146693
146694
147288
147289
147290
147291
147292
147293
147294
147354
147355
147356
147357
147358
147359
147360
147361
149553
151349
151350
151351
151352
152162
152163
152165
152171
152172
152173
152333
153152
157273
161771
161772
163580
164415
165168
165169
165170
165171
165172
165187
165845
167854
167972
167973
169877
169878
176184
176685
176687
176688
176689
176690
176691
180349
180353
180834
184735
186157
186158
186930
188882
188883
190905
190906
190907
191383
191384
191385
191386
192957
192958
193504
193505
193508
193509
198108
198109
203404
205913
206672
212407
215530
216622
216930
220668
226185
230183
237130
237132
237133
237135
237138
237139
237141
237145
237146
237147
237155
237156
237157
237158
237159
237160
237161
237162
237163
237164
237672
238872
238913
238914
238915
238916
238917
240242
240522
240523
240524
240525
241579
241580
241581
241583
242643
242644
243636
243637
243638
243639
243640
243641
243642
243643
243644
243645
243646
243647
244128
245287
248973
249128
249129
249265
252138
254405
255023
255026
255027
255028
255029
257314
258717
259392
260703
261269
261394
261395
268814
268815
269882
272621
273244
284994
284995
287517
287566
287567
287568
287569
287570
287571
287572
287573
287574
287575
287576
287577
287578
287579
287580
291368
295346
295347
295348
296629
296630
297350
297351
297352
297353
297354
297355
297356
297357
299481
299482
299483
299484
302911
302912
303243
303244
303247
303249
305425
305426
305427
305428
305429
308029
308914
310002
310358
310940
310941
319399
320870
320881
321866
321967
324831
326425
326426
330244
330254
330257
330269
330270
333116
333117
333118
333119
333849
334258
334259
334260
334261
334262
334263
334264
334265
334390
337330
337570
338364
338828
343007
343033
347755
347756
347757
349123
351631
354436
357383
357384
357401
359132
360413
360556
361702
361705
361708
361713
361715
361824
361825
361826
361827
361828
361829
361830
361831
361832
361833
361834
361835
361836
361837
361838
361839
361840
361841
361842
361843
361844
361845
361846
361847
361848
361849
361850
361851
361852
361853
361855
361856
361857
362269
362458
362948
363755
366305
366311
366313
366314
367928
367964
370958
370991
370992
370997
370998
371000
371637
376425
376426
376512
376513
377429
377430
381088
381089
381090
381091
381621
381622
381636
381637
382304
386752
386753
388234
390240
390742
390743
392818
394003
394240
394241
394242
394243
394244
394245
394246
394247
395468
395919
395920
398268
398513
398514
398515
398516
400156
400157
400158
400758
401473
402054
403772
404831
405566
405677
409437
411481
412376
412377
412415
412416
413959
413960
413961
413962
416334
416335
417410
417411
417412
418188
418189
418190
418192
418193
418194
418195
418196
418197
418198
418199
418200
418201
418202
418203
418204
418205
418206
418207
418208
418209
418210
418211
418212
418213
418214
418215
418216
418596
420646
420647
420889
420890
421070
421071
421077
421078
421079
421080
421081
421082
421083
421084
421085
421086
421087
421088
421089
423345
424989
425102
427575
427613
434132
434133
434134
434135
434136
434137
434138
434139
434140
434141
434142
434143
434144
434145
434146
434147
434148
434149
434150
434151
434152
434153
434154
434155
434156
434157
434158
434159
434160
434161
434162
434163
434164
434165
434166
434167
434168
434169
434170
434171
434172
434173
434174
434175
434176
434177
434178
434179
434180
434181
434182
434183
435957
435960
435964
440496
440497
441743
441776
441777
441778
441779
441780
441781
441782
441783
441784
441785
441786
441787
441788
441789
441790
441791
441792
441793
441794
441795
441796
441797
441798
441799
441800
441801
441802
441803
441804
441805
441806
441807
441808
441809
441810
441811
441812
441813
441814
441815
441816
441817
441818
441819
441820
441821
441822
441823
441824
441825
441826
441827
441828
441829
441830
441831
441832
441833
441834
441835
443274
444089
447547
447548
447549
447555
455082
458202
458203
462356
462357
462358
462359
469794
470027
471860
473819
474186
474477
474478
478445
478802
480387
480388
480389
480390
480934
483008
483747
484020
485095
485096
486408
488843
488844
490088
490217
490381
491074
491075
491076
491077
492235
493829
493830
493831
493832
493833
493834
493835
493836
495070
498216
498373
500634
500844
501152
501153
501154
501155
501156
501158
501159
501160
501161
503921
503922
503923
503924
503925
503926
503927
505234
509630
509631
512143
512144
512145
512758
515424
515425
518634
518635
518739
518740
520068
520069
520070
520071
520072
520073
520074
520075
520076
520077
520078
520079
520080
520081
520082
520083
520084
520085
520086
521425
521426
521427
521896
522340
525271
525278
525279
525306
525309
525325
525326
525328
525329
525330
525341
525361
525362
525365
525925
526399
526400
526401
526872
529885
530568
533291
535205
535206
535740
535741
535742
537275
537276
537279
537280
537283
537284
537285
537286
537287
539328
539347
539348
539349
539350
542833
543734
544875
546028
546029
546030
546031
546032
546033
546034
546035
546036
546037
546038
546039
546040
546041
546042
546043
546044
546045
546046
546047
546048
546049
546050
546051
546052
546053
546054
546055
546056
546057
546058
546059
546060
546061
546062
546063
546064
546065
546066
546067
546068
546069
546070
546071
546072
546073
546074
546075
546076
546077
546078
546079
546080
546081
546082
546083
546084
546085
546086
546087
546088
546089
546090
546091
546092
546093
546094
546095
546096
546097
546098
546099
546100
546101
546161
546162
546163
546164
546340
547016
547043
547468
548485
548817
553113
553114
553115
553191
553209
557436
559301
560816
560817
561180
561963
561964
564837
565599
565600
565601
565602
565603
565604
565605
565606
565607
565608
565636
565637
565638
565639
565640
565641
565642
565643
565644
565645
565646
565647
565648
565649
565650
565651
565652
565653
565654
565655
565656
565657
565658
565659
565660
565661
565662
565663
565664
565665
565666
565973
566552
568703
568704
570188
570189
570193
570194
572003
572503
574085
574086
574800
574801
574802
575326
575327
575328
575329
575330
575331
575332
575335
575336
575337
575338
575339
575340
575341
575342
575343
575345
575347
575594
575595
575596
575597
575598
575599
575603
575604
575605
575606
575607
575617
575637
578268
584784
585517
585520
585524
585545
588053
588054
588055
588056
588057
588058
588059
588060
588061
588062
588063
588064
588065
588066
588253
591151
591918
595660
595661
595662
595706
595707
595708
595709
595710
595711
595712
595713
595714
595715
595716
595717
595718
595719
595720
595721
595722
595723
595724
595725
595726
595727
595728
595729
595730
595731
595732
595733
595734
595735
595736
595737
595738
595739
595740
595741
595742
595743
595744
595745
595746
595747
595748
595749
595750
595751
595752
595753
595754
595755
595756
595757
595758
595759
595760
595761
595762
595763
595764
595765
595766
595767
595768
595769
595770
595771
595772
595773
595774
595775
595776
595777
595778
595779
595780
595781
595782
595783
595784
595785
595786
595787
595788
595789
595790
595791
595792
595793
595794
595795
595796
595797
595798
595799
595800
595801
595802
595803
595804
595805
595806
595807
595808
595809
595810
595811
595812
595813
595814
595815
595816
595817
595818
595819
595820
595821
596325
596326
608499
622477
622478
622479
622480
622482
622483
622484
622485
622486
622487
624608
624609
624610
624611
624612
624613
624614
624615
630128
630129
630527
632167
632942
632943
632944
633699
634478
638575
638576
638618
638620
638622
638630
638631
640502
641421
641422
641423
641424
641425
641426
641427
641428
641440
641441
644042
645420
645663
648694
650364
650365
650366
650367
650368
650369
650370
650371
655253
655628
655629
655630
655631
655632
655637
655638
655640
656010
656011
657327
657328
657329
659446
659447
661506
661508
661509
661510
661511
661512
665042
665579
669263
669264
669265
669266
669267
669268
669269
669270
669271
669272
669273
669274
669275
669276
669277
669278
669279
669280
669281
669282
669283
669284
669285
669286
669287
669288
669289
669306
669308
669309
669310
669311
669312
669313
669314
669315
669316
669317
671212
672032
672033
672034
672035
672036
672037
672038
672039
672040
672041
672042
672043
672044
672045
673732
676226
676227
676228
676229
676230
678540
679188
679196
681606
683021
683031
683032
683033
683034
683035
683036
683037
683038
683039
683040
684075
685186
689637
689638
690394
690395
690396
692276
692923
693440
693902
695560
695561
695562
695563
696534
699185
699186
701301
701302
701303
701304
701305
701306
701307
701760
701761
701762
701763
701764
701765
701766
701888
701889
702459
705309
706315
708430
712274
712275
712276
712333
712334
712335
712336
712337
712338
712339
712340
712341
712342
712343
712344
712345
712346
712347
712348
712349
712938
712961
713605
714196
715415
717887
717888
717892
718253
728057
741098
742813
742815
746564
747249
747655
748477
748478
748479
748480
748482
748483
748484
748487
748489
748490
748517
748518
748519
748520
748521
748522
748524
748671
749489
749490
749491
749492
749493
749494
749495
749496
749497
749498
749499
749500
749501
749502
749503
749504
749505
749506
749507
749508
749509
749510
749511
749512
749513
749514
749515
749516
749517
749518
749520
749521
749522
749523
749524
749525
752509
753502
753508
753514
753540
753917
753918
753919
753920
753921
753922
753923
753924
753925
753926
753927
753928
753929
753930
753931
753932
753933
753934
753935
753936
753937
753938
753939
753940
753941
753942
753979
753980
756741
758509
758510
758511
758512
758513
758514
758515
758516
758517
758518
758519
758520
758521
758522
758523
758524
758525
758526
758527
758528
758540
761726
762075
762076
762077
762078
762079
762208
762834
762835
762840
762841
762842
762843
762844
762846
764484
765701
765942
765943
765944
765945
767453
767456
767462
768481
768482
768486
768510
768728
791161
791166
795798
858649
858650
858651
858652
858653
858654
858655
858656
858657
858658
858659
858660
858661
858663
858664
858665
858666
858667
858668
858669
858670
858671
858672
858673
858674
858675
858676
858679
858680
858681
858682
858683
858684
858685
858686
858687
858688
858689
858690
858691
858692
858693
858694
858695
858696
858697
861381
861382
863368
863369
863584
863890
864412
865694
866777
866920
869512
869513
869514
869515
869516
869517
869518
869519
869520
869521
869991
869992
869993
871037
871038
871039
871040
871041
871042
871043
871044
871045
871046
871082
871083
871084
871085
871086
871328
871329
871349
871350
871351
871562
871661
871662
871663
871692
872326
873127
879295
879296
879297
879298
879299
879300
879301
879302
879303
879304
879561
879562
879563
880592
880633
881262
881263
881264
881265
881266
882512
882513
882514
883062
883092
883094
883160
883162
885323
885324
885325
885326
885327
887781
887782
887783
887784
887785
887786
887787
887788
887839
887840
887896
888064
888066
888423
888801
888962
888963
888964
888968
888969
888970
888971
888972
888973
889932
891391
903522
908339
909502
909954
909955
913228
913847
915462
926056
926103
926104
926105
926106
926107
926108
926109
926110
926111
926112
926113
926114
926115
926116
926117
926118
926119
926120
926121
926122
926123
926124
926125
926126
926127
926128
926129
926130
926131
926132
926133
926134
926135
926136
926137
926138
926139
926140
926141
926142
926143
926144
926145
926146
926147
926148
926149
926150
926151
926152
926153
926154
926155
926156
926157
926158
926159
926160
926161
926162
926163
926164
926165
926166
926167
926168
926169
926170
926171
926172
926173
926174
926175
926176
926177
926178
926179
926180
926181
926182
926183
926184
926185
926186
926187
926188
926189
926190
926191
926192
926193
926194
926195
926196
926197
926198
926199
926200
926201
926202
926203
926204
926205
927636
927703
928327
928328
929426
930455
930456
930457
930942
931070
931071
931072
931090
933356
934101
934102
934103
934104
934105
934107
934108
934109
934110
936153
936351
936553
936566
937539
937540
937541
937612
937666
937667
941440
941867
941886
941892
941894
941895
941896
941897
941898
944063
944562
946073
946075
946076
946518
947827
947828
947829
947830
947831
947832
947833
985009
986169
987065
987067
987068
987069
988767
990436
990437
990438
990439
990440
990441
990442
990443
990444
990445
990446
990447
990448
990449
990450
990451
990452
990453
990454
993054
993055
994480
994481
996767
998087
998820
999378
999904
1000567
1002117
1002365
1003129
1003130
1003131
1003132
1004570
1004571
1004572
1004573
1004574
1004575
1004576
1004577
1004578
1004579
1004580
1004581
1004582
1004584
1004585
1004586
1004587
1004589
1004590
1010681
1017187
1017188
1017189
1017190
1017191
1017192
1017193
1017194
1017195
1017196
1017197
1017198
1017199
1017200
1017201
1017202
1017203
1017206
1017266
1027372
1027610
1028490
1029822
1030114
1030132
1030133
1030134
1032353
1033837
1033983
1034201
1034202
1035171
1036317
1036318
1036735
1036738
1037411
1037970
1040964
1041521
1042160
1042947
1042948
1042949
1042950
1042951
1045523
1045524
1046599
1048700
1048701
1048702
1048703
1048708
1048709
1049218
1049476
1050107
1050164
1050166
1050167
1050196
1050197
1051636
1051637
1051650
1051651
1051652
1051653
1051654
1051655
1051656
1051657
1051658
1051659
1051660
1051661
1052119
1054040
1054469
1054470
1054471
1054978
1054979
1069534
1069999
1070000
1070854
1072576
1072649
1074482
1075337
1077526
1078014
1078018
1079023
1079024
1079025
1079027
1079028
1079029
1086498
1088709
1088720
1091039
1091040
1091583
1091584
1091585
1091586
1091587
1091588
1094711
1095022
1095023
1095522
1095523
1095528
1095531
1095532
1095533
1095534
1095537
1095539
1095544
1095549
1095551
1095781
1095790
1095792
1095793
1095794
1095795
1095796
1100773
1108199
1108789
1108963
1108976
1110503
1111122
1111123
1111144
1111677
1113406
1113582
1113583
1113587
1113591
1113592
1113594
1113595
1113624
1113625
1113626
1113629
1113788
1113887
1113935
1113939
1113941
1113942
1113944
1113946
1113948
1113949
1113950
1113951
1113952
1113955
1113956
1113957
1113958
1113959
1113961
1113962
1113963
1113964
1113966
1113968
1113969
1113970
1113973
1113974
1113975
1113976
1113977
1113978
1113979
1113980
1113981
1113983
1113984
1113985
1113986
1113997
1113998
1113999
1114000
1114002
1114003
1114004
1114005
1114006
1114007
1114008
1114010
1114011
1114012
1114013
1114014
1114015
1114017
1114018
1114019
1114020
1114021
1114022
1114023
1114024
1114025
1114026
1114028
1114029
1114030
1114031
1114032
1114033
1114034
1114035
1114037
1114038
1114039
1114043
1114046
1114047
1114048
1114049
1114050
1114051
1114052
1114054
1114055
1114056
1114057
1114058
1114059
1114060
1114061
1114062
1114063
1114064
1114065
1114068
1114069
1114070
1114071
1114073
1114074
1114075
1114076
1114077
1114079
1114080
1114081
1114083
1114084
1114085
1114087
1114088
1114089
1114090
1114091
1114093
1114094
1114095
1114096
1114097
1114098
1114099
1114100
1114101
1114102
1114103
1114104
1114105
1114106
1114107
1114108
1114109
1114110
1114111
1114112
1114113
1114114
1114115
1114116
1114117
1114119
1114120
1114121
1114122
1114123
1114124
1114126
1114127
1114130
1114131
1114132
1114133
1114134
1114135
1114136
1114137
1114138
1114139
1114140
1114141
1114142
1114143
1114144
1114145
1114146
1114147
1114148
1114150
1114151
1114152
1114153
1114154
1114155
1114156
1114157
1114158
1114160
1114161
1114163
1114164
1114165
1114167
1114168
1115001
1115002
1115807
1115808
1116498
1116506
1116517
1116525
1116526
1116530
1116675
1116752
1116755
1116760
1116768
1116769
1116772
1116773
1116774
1116775
1116776
1116777
1116778
1116779
1116780
1116781
1116782
1116783
1116784
1116785
1118227
1121107
1121108
1121109
1121110
1121112
1121864
1121865
1122145
1122146
1122152
1122153
1122154
1123785
1123786
1123796
1123797
1123798
1123799
1123800
1123801
1123802
1123803
1123804
1123993
1123994
1123995
1123996
1129129
1129130
1129885
1130798
1131850
1131851
1131852
1131853
1131854
1132909
1132910
1133374
1134565
1134566
1134567
1134784
1134785
1134786
1134787
1134788
1134789
1134790
1134791
1134792
1134793
1134794
1134795
1134796
1134797
1134798
1134799
1134800
1134801
1134802
1134804
1134805
1134806
1134807
1134808
1134809
1134810
1134811
1134812
1134813
1134814
1134815
1134816
1134817
1134818
1134819
1134820
1134821
1134822
1134823
1134824
1134825
1134826
1134827
1134828
1134829
1134830
1134831
1134832
1134833
1134834
1134835
1134836
1134837
1134838
1134839
1134840
1134841
1136177
1138880
1138881
1138882
1138883
1138884
1138885
1138886
1138887
1138888
1138889
1138890
1138891
1138892
1138893
1138894
1138895
1138896
1138897
1138898
1138899
1138900
1138901
1138902
1138903
1138904
1138905
1138906
1138907
1138908
1138909
1138910
1138911
1138912
1138913
1138914
1138915
1138916
1138917
1138918
1138919
1138920
1138921
1138922
1138923
1138924
1138925
1138926
1138927
1138928
1138929
1138930
1138931
1138932
1138933
1138934
1138935
1138936
1138937
1138938
1138939
1139219
1140001
1140002
1140003
1142319
1142328
1143283
1143284
1143285
1143286
1143287
1143288
1143289
1143290
1143291
1143292
1143293
1144300
1144815
1145302
1147128
1148250
1150423
1150461
1151186
1151187
1151188
1151189
1151190
1151191
1151192
1151193
1151194
1151195
1151196
1151197
1151198
1151199
1151200
1151201
1151202
1151203
1151204
1151205
1151206
1151207
1151208
1151209
1151210
1151211
1151212
1155766
1155802
1156499
1156577
1156715
1156716
1156717
1156724
1156734
1157342
1157343
1157344
1157345
1157346
1157347
1157348
1157349
1157350
1157351
1157352
1157353
1157354
1157355
1157356
1157357
1157358
1157359
1157360
1157361
1157362
1157363
1157364
1157365
1157366
1157367
1157368
1157369
1157370
1157371
1157372
1157373
1157374
1157375
1157376
1157377
1157378
1157379
1157380
1157381
1157382
1157383
1157384
1157385
1157386
1157387
1157388
1157389
1157390
1157391
1157392
1157393
1157394
1157395
1157396
1157397
1157398
1157399
1157400
1157401
1157402
1157403
1157404
1157405
1157406
1157407
1157408
1157409
1157410
1157411
1157412
1157416
1157417
1157418
1157419
1157420
1157421
1157422
1157423
1157424
1157425
1157426
1157427
1157428
1157429
1157430
1157431
1157432
1157433
1157434
1157435
1157436
1157437
1157438
1157439
1157440
1157441
1157442
1157443
1157444
1157445
1157446
1157447
1157448
1157449
1157450
1157451
1157452
1157453
1157454
1157455
1157456
1157457
1157458
1157459
1157460
1157461
1157462
1157463
1157464
1157465
1157466
1157467
1157468
1157469
1157470
1157471
1157472
1157473
1157474
1157475
1157476
1157477
1157478
1157479
1157480
1157481
1157482
1157483
1157484
1157485
1157486
1157487
1157488
1158540
1158541
1158542
1158543
1158544
1158545
1158546
1158547
1158548
1158549
1158550
1158551
1158552
1158553
1158554
1158555
1158598
1158600
1158601
1158602
1158603
1158604
1158605
1158606
1158607
1158608
1158609
1158610
1158612
1158614
1158617
1158618
1158619
1158620
1158621
1158622
1158623
1158624
1158625
1158626
1158627
1158628
1158629
1158630
1158631
1158632
1158633
1158634
1158635
1158636
1158637
1158638
1158639
1158640
1158641
1158642
1158644
1158645
1158646
1158647
1158648
1158649
1158650
1158651
1158652
1158653
1158654
1158655
1158656
1158657
1158658
1158660
1158661
1158662
1158663
1158664
1158665
1158666
1158667
1158668
1158669
1158670
1158671
1158672
1158673
1158674
1158675
1158676
1158677
1158678
1158976
1161290
1161409
1162125
1162126
1162127
1162128
1162129
1162825
1162832
1164237
1164238
1165044
1165045
1167697
1168864
1169245
1169246
1169247
1169248
1169249
1169250
1169251
1169252
1169253
1169254
1169278
1169279
1169280
1169281
1169282
1169283
1169284
1169285
1169286
1169287
1169288
1169289
1169290
1169291
1169292
1169293
1169294
1169295
1169296
1169297
1169298
1169299
1169300
1169301
1169302
1169303
1169304
1169305
1169306
1169307
1169308
1169309
1169310
1169311
1169312
1169313
1169314
1169665
1169666
1169667
1169668
1169669
1170865
1173065
1173494
1173500
1176489
1177188
1177488
1177489
1177490
1177491
1177492
1177493
1177494
1177495
1177496
1177497
1177498
1177499
1177500
1177501
1177502
1177503
1177504
1177505
1177506
1177507
1177508
1177509
1177510
1177511
1177512
1177513
1177514
1177515
1177519
1177520
1177521
1177522
1177523
1177524
1177525
1177526
1177527
1177528
1177529
1177530
1177531
1178528
1181234
1181659
1181661
1182010
1182011
1182762
1184144
1184145
1185324
1185786
1185787
1185792
1185793
1185794
1185795
1189324
1190496
1190497
1190498
1190559
1193097
1193147
1194109
1194110
1194111
1194112
1194113
1194114
1194971
1195377
1195503
1196267
1197943
1198032
1198150
1198151
1198152
1198153
1198154
1198155
1198311
1198312
1201292
1202678
1202679
1202680
1202681
1203076
1203258
1203259
1203540
1203569
1203570
1204422
1206105
1206588
1206589
1207542
1207543
1208317
1208318
1210930
1211358
1211881
1212461
1215601
1215602
1215914
1215915
1216944
1218087
1218088
1218089
1218090
1218091
1218092
1218093
1218496
1218497
1218499
1218501
1218503
1218505
1218854
1218857
1219467
1219598
1219599
1219600
1219601
1220650
1220651
1220652
1220653
1220654
1220670
1220671
1220672
1220673
1220674
1221373
1221376
1221678
1223498
1224137
1224138
1224259
1224260
1224261
1224262
1224263
1224264
1224265
1224266
1224267
1224268
1224269
1224270
1224271
1224272
1224273
1224274
1224275
1224311
1224312
1224313
1224314
1224315
1224416
1224902
1226299
1226332
1226333
1226334
1226335
1226336
1226676
1226677
1226678
1226679
1227363
1228941
1229464
1229490
1229517
1229518
1231377
1231584
1232616
1232727
1232728
1234151
1234152
1235732
1235733
1235734
1235735
1235801
1236214
1239387
1240646
1241304
1241305
1241322
1241323
1241437
1242253
1244140
1244141
1244142
1244143
1244144
1244145
1244150
1244151
1244152
1244153
1244154
1244155
1244212
1244213
1244214
1244215
1244216
1244217
1244218
1244219
1244220
1244221
1244222
1244223
1244224
1244225
1244226
1244227
1244228
1244229
1244230
1244231
1244232
1244233
1244234
1244235
1244236
1244237
1244238
1244239
1244240
1244241
1244242
1244243
1244244
1244245
1244246
1244247
1244248
1244249
1244250
1244251
1244252
1244253
1244254
1244255
1244256
1244257
1244258
1244259
1244260
1244261
1244262
1244263
1244264
1244265
1244266
1244267
1244268
1244269
1244270
1244271
1244272
1245477
1245478
1246368
1246369
1246370
1246371
1246372
1246373
1246374
1246375
1246376
1246377
1246378
1246379
1246380
1246381
1246382
1246383
1246384
1246385
1246386
1246387
1246388
1246389
1246390
1246391
1246392
1246393
1246394
1246395
1246396
1246397
1246398
1246399
1246400
1246401
1246402
1246403
1246404
1246405
1246406
1246407
1246408
1246409
1246410
1246411
1246412
1246413
1246414
1246415
1246416
1246417
1246418
1246419
1246420
1246421
1246422
1246423
1246424
1246425
1246426
1246427
1246428
1246429
1246430
1246431
1246432
1246433
1246434
1246435
1246436
1246437
1246438
1246439
1246440
1246441
1247025
1247026
1247027
1248097
1248330
1249543
1254439
1255636
1255650
1255663
1255674
1255675
1255699
1256789
1256790
1256791
1256792
1256793
1256794
1256795
1256796
1256797
1256798
1256799
1256800
1256801
1256802
1256803
1256804
1256805
1256806
1256807
1256808
1256809
1256810
1256811
1256812
1256813
1256814
1256815
1256816
1256817
1256818
1256819
1256820
1256821
1256822
1256823
1256824
1256825
1256826
1256827
1256828
1256829
1256830
1256831
1256832
1256833
1256834
1256835
1256836
1256837
1258582
1259824
1259825
1260355
1260356
1260357
1260358
1260359
1260360
1260361
1260362
1260363
1260364
1260365
1260366
1261072
1261096
1261430
1261557
1262665
1262667
1262668
1263057
1263058
1263059
1263060
1263084
1263085
1263523
1263864
1264891
1264892
1264893
1267559
1267560
1268656
1268657
1269079
1273133
1273401
1280675
1280701
1280702
1281485
1281867
1284223
1284459
1284460
1284461
1284466
1284659
1284663
1285189
1285190
1286184
1286405
1286633
1287022
1287066
1288397
1288492
1291045
1291052
1291734
1291764
1293597
1293598
1293822
1293823
1293824
1293825
1293826
1293827
1293828
1293829
1293830
1293831
1294059
1294060
1294061
1294062
1294063
1294064
1294065
1294066
1294067
1294621
1294622
1294996
1295300
1295527
1297634
1297635
1298922
1299318
1299470
1300046
1300150
1300221
1300223
1302646
1302647
1303662
1303663
1303769
1303770
1303771
1304889
1305597
1305849
1306655
1307835
1307836
1307837
1308659
1308660
1308661
1308662
1308663
1308732
1308740
1308741
1309739
1309740
1309741
1309742
1309743
1309744
1309745
1309746
1309747
1309748
1309749
1309750
1309751
1309752
1309753
1309754
1309755
1312377
1312920
1314884
1316414
1316742
1316743
1316744
1316745
1316933
1318629
1318634
1318635
1318820
1318821
1318822
1318823
1318824
1318825
1318826
1318827
1318828
1318829
1318830
1318831
1318832
1318833
1318834
1318835
1318836
1318837
1318838
1318839
1318840
1318841
1318842
1318843
1318844
1318845
1318846
1318847
1318848
1318893
1318894
1318895
1318896
1318897
1318898
1318899
1318900
1318901
1319072
1319073
1319074
1319075
1319076
1319077
1319078
1319079
1319080
1319081
1319082
1319083
1319084
1319085
1319086
1319087
1319088
1319089
1319090
1319091
1319092
1319093
1319094
1319095
1319096
1319097
1319098
1319099
1319100
1319101
1319102
1319103
1319104
1319105
1319106
1319107
1319108
1319109
1319110
1320322
1321951
1322347
1323359
1323932
1325490
1325742
1325798
1325799
1325800
1325801
1325802
1325803
1325804
1325805
1325806
1325807
1325808
1325809
1325810
1325811
1325812
1325813
1325814
1325815
1325816
1325817
1325818
1325819
1325820
1325821
1325822
1325823
1325824
1325825
1325826
1325827
1325828
1325829
1325830
1325831
1325832
1325833
1325834
1325835
1325836
1325837
1325838
1325839
1325840
1325841
1325842
1325843
1325844
1325845
1325846
1325847
1325848
1325849
1327034
1327988
1327994
1328309
1328863
1328869
1328870
1330525
1331127
1331128
1331733
1331862
1331863
1331904
1331905
1331912
1331913
1332371
1334627
1338519
1338520
1338521
1338522
1338523
1338524
1338525
1338526
1338527
1338528
1338529
1338530
1338531
1338532
1339267
1340495
1340848
1341010
1341011
1341694
1341695
1343169
1343170
1343171
1343172
1343173
1343174
1343497
1344042
1346488
1346615
1348438
1348455
1348456
1348457
1348458
1348569
1348570
1348632
1348633
1348796
1349765
1350466
1352391
1352392
1352393
1352394
1352395
1352396
1352397
1352398
1352399
1352400
1352401
1352402
1352403
1353981
1354084
1354777
1357296
1357329
1357382
1357396
1357908
1357986
1357987
1357988
1357989
1357990
1357991
1357992
1357993
1358027
1358413
1360334
1361950
1361951
1361952
1361953
1361954
1361955
1361956
1361957
1364864
1364865
1364866
1364867
1364868
1364869
1364870
1364871
1364872
1364873
1364874
1364875
1364876
1364877
1364878
1364879
1365960
1365961
1365962
1365963
1365964
1365965
1365966
1365967
1365968
1365969
1366052
1367404
1367405
1367406
1367471
1367472
1367473
1367474
1367475
1378069
1379317
1380324
1380360
1380361
1380772
1380791
1380792
1380793
1380794
1380795
1380796
1380797
1380798
1380799
1380800
1380801
1380802
1381116
1381118
1381119
1381124
1381578
1382255
1382256
1382257
1382258
1382259
1382260
1382301
1382366
1383012
1383782
1384493
1384498
1384637
1385370
1385855
1385856
1385938
1385939
1385940
1385941
1385942
1385943
1385944
1386770
1386814
1386815
1386816
1386995
1386996
1386997
1386998
1386999
1387000
1387001
1387002
1387003
1387004
1387005
1387006
1387007
1387008
1387009
1387010
1387011
1387012
1387013
1387014
1387015
1387016
1387017
1387018
1387019
1387020
1387021
1387022
1387023
1387024
1387025
1387026
1387027
1387028
1387029
1387030
1387031
1387032
1387033
1387034
1387035
1387036
1387037
1387038
1387039
1387040
1387041
1387042
1387043
1387044
1387045
1387046
1387047
1387048
1387049
1387050
1387051
1387052
1387081
1387082
1389349
1389352
1390239
1390240
1390241
1390373
1390383
1390384
1390385
1390386
1390432
1391227
1391465
1391466
1391467
1391468
1391469
1391470
1391471
1391472
1391473
1391474
1391475
1391476
1391477
1391478
1391479
1391480
1391481
1391482
1391483
1391484
1391485
1391486
1391487
1391488
1391489
1391490
1391491
1391492
1391493
1391494
1391495
1391496
1391497
1392007
1394175
1394176
1395065
1395066
1395067
1395068
1395069
1395070
1395514
1397145
1397146
1397147
1397148
1397149
1398253
1398254
1398259
1398272
1399793
1400520
1400521
1400799
1400800
1400801
1400802
1400803
1400804
1400805
1400806
1400807
1400808
1400822
1400823
1400824
1400825
1401101
1401102
1401103
1401104
1401105
1401106
1401107
1401218
1401219
1401220
1401221
1401222
1401223
1402207
1402208
1402872
1403312
1403444
1403542
1403942
1405522
1407052
1408180
1408186
1408188
1408205
1408443
1409822
1409931
1409933
1409935
1409936
1409938
1409941
1409942
1409943
1409944
1409946
1409947
1409948
1409949
1410033
1410644
1410645
1410646
1410647
1410648
1410655
1411622
1413187
1415142
1415607
1416866
1416917
1419616
1421011
1421012
1422837
1422839
1422840
1422841
1423714
1423716
1423717
1423718
1423723
1423724
1423727
1423730
1423732
1423736
1423740
1423742
1423746
1423748
1423749
1423751
1423754
1423755
1423758
1423760
1423761
1423762
1423763
1423767
1423769
1423771
1423772
1423779
1423782
1423783
1423789
1423790
1423791
1423794
1423797
1423798
1423799
1423809
1423810
1423814
1423816
1423820
1423821
1423831
1424770
1427510
1427511
1427512
1427513
1429401
1429402
1429403
1429404
1431557
1431558
1431559
1433509
1433510
1434652
1434653
1434654
1434655
1434656
1434657
1435038
1435039
1435040
1435051
1435463
1435464
1437594
1437596
1437599
1437601
1437603
1437605
1437606
1437607
1437608
1437609
1437610
1437612
1437742
1439476
1442604
1442605
1442606
1442607
1444634
1444635
1444636
1444637
1444638
1444639
1444640
1444641
1444642
1444643
1444644
1444645
1444646
1444647
1444648
1444649
1444650
1444651
1444652
1444653
1444654
1444655
1444656
1444657
1444658
1444659
1444660
1444661
1444662
1444663
1444664
1444665
1444666
1444667
1444668
1444669
1444670
1444671
1444672
1444673
1444674
1444675
1444676
1444677
1444678
1444679
1446494
1447068
1447715
1449750
1449751
1450225
1450226
1450511
1453590
1453591
1454376
1455574
1455618
1455729
1455730
1455731
1455732
1455733
1455734
1455749
1455750
1455751
1455752
1455754
1456687
1456809
1457191
1457218
1457395
1457396
1458467
1459260
1459261
1459262
1459263
1459264
1459265
1459266
1459267
1459268
1459269
1459386
1459387
1459388
1459389
1459390
1459391
1459392
1459393
1459394
1459395
1459396
1459397
1459398
1459399
1459400
1459401
1459402
1459403
1459404
1459405
1459406
1459407
1459408
1459409
1459410
1459411
1459412
1459413
1459414
1459415
1459416
1459417
1459418
1459419
1459420
1459421
1459422
1459423
1459424
1459425
1459426
1459427
1459428
1459429
1459430
1459431
1459432
1459433
1459434
1459435
1459436
1459437
1459438
1459439
1459440
1459441
1459442
1459443
1459444
1459445
1459446
1459447
1459448
1459449
1459450
1459451
1459452
1459453
1459454
1459455
1459456
1459457
1459458
1459459
1459460
1459461
1459462
1459463
1459464
1459465
1459466
1459467
1459468
1459469
1459470
1459471
1459472
1459473
1459474
1459475
1459476
1459477
1459478
1459479
1459480
1459481
1459482
1459483
1459484
1459485
1459486
1459487
1459488
1459489
1459490
1459491
1459492
1459493
1459494
1459495
1459496
1459497
1459498
1459499
1459500
1459501
1459502
1459503
1459504
1459505
1459506
1459507
1459508
1459509
1459510
1459511
1459512
1459513
1459514
1459515
1459516
1459517
1459518
1459519
1459520
1459521
1459522
1459523
1459524
1459525
1459526
1459527
1459528
1459529
1461641
1461767
1465255
1465256
1465257
1465258
1465259
1465260
1465261
1465262
1465263
1465359
1465505
1465506
1465507
1465508
1465509
1465510
1465511
1465512
1465513
1465514
1465515
1465516
1465517
1465518
1465519
1465520
1465521
1465522
1465523
1465524
1465525
1465526
1465527
1465528
1465529
1465530
1465531
1469648
1469649
1469650
1469651
1469652
1469653
1469654
1471050
1471051
1471052
1471053
1471054
1471055
1471056
1471057
1471058
1471059
1471060
1471061
1471062
1471063
1471064
1471201
1472940
1474903
1474979
1476565
1476566
1476567
1476568
1476569
1476570
1476643
1476644
1476646
1477388
1477389
1477390
1479028
1479072
1479512
1479570
1479578
1479579
1483714
1483715
1483716
1483717
1483718
1484055
1485948
1485949
1485950
1488549
1495157
1495158
1495159
1495160
1495161
1495162
1495163
1495335
1495546
1496695
1499636
1500253
1504688
1504689
1504690
1505249
1505724
1506296
1506297
1506298
1506302
1506303
1506304
1507742
1507743
1507791
1507792
1508023
1508024
1509223
1510465
1516087
1516088
1516136
1517579
1517747
1517748
1517749
1518972
1518973
1518974
1518975
1518976
1519338
1519339
1519340
1519893
1522025
1523436
1523437
1523438
1523439
1523440
1523441
1523443
1524336
1525425
1525426
1525427
1525428
1525429
1527797
1527798
1531957
1532859
1532860
1534514
1534515
1535327
1537092
1537158
1540071
1541185
1541186
1542508
1542509
1545701
1545702
1546079
1546080
1546798
1546840
1548039
1552953
1555204
1555205
1556584
1559999
1563693
1563694
1565530
1565838
1565839
1565844
1565845
1565846
1565847
1565848
1565849
1565850
1565851
1565852
1565853
1570125
1571775
1571776
1571777
1571778
1571779
1571780
1571781
1571782
1571783
1571784
1571785
1572074
1572321
1572760
1572852
1573745
1574483
1574484
1574485
1576448
1577996
1579344
1579349
1581051
1581062
1581063
1581068
1581091
1581096
1581114
1581136
1581454
1590063
1592367
1594611
1594612
1594613
1594614
1594615
1594616
1594617
1594618
1594619
1594620
1594621
1594622
1594623
1594624
1594625
1594626
1594627
1594628
1594629
1594630
1594631
1594632
1594633
1594634
1594635
1594636
1594637
1594638
1594639
1594640
1594641
1594642
1594643
1594644
1594645
1594646
1594647
1594648
1594649
1594650
1594651
1594652
1594653
1594654
1594655
1594656
1594657
1594658
1594659
1594660
1594661
1594662
1594663
1594664
1594665
1594666
1594667
1594668
1594669
1594670
1594671
1594672
1594673
1594674
1594675
1594676
1594677
1594678
1594679
1594680
1594681
1594682
1594683
1594684
1594685
1594686
1594687
1594688
1594689
1594690
1594691
1594692
1594693
1594694
1594695
1594696
1604024
1604344
1605976
1605977
1605978
1605979
1605980
1605982
1605983
1607800
1608861
1608869
1608940
1610776
1611408
1611409
1611410
1611411
1611412
1622286
1622293
1623403
1623511
1623512
1623513
1623514
1623515
1630163
1630164
1630165
1630167
1630168
1630169
1630170
1630171
1630174
1630175
1630176
1630177
1630179
1630180
1630181
1630182
1630184
1630185
1630201
1631369
1631370
1631371
1631372
1631373
1631374
1631375
1631873
1631961
1631962
1633812
1634384
1635110
1636635
1636836
1637506
1637512
1638275
1638276
1638277
1638278
1638279
1638280
1638281
1638282
1638283
1638284
1638285
1638286
1638287
1638288
1639540
1640389
1640390
1640391
1640392
1640393
1640394
1640395
1640396
1640397
1640398
1640611
1642279
1643137
1643516
1643573
1643574
1643575
1643576
1643577
1643578
1643579
1643580
1643581
1643582
1643583
1643584
1643585
1643586
1643587
1643588
1643589
1643590
1643591
1643592
1643593
1643594
1643595
1643596
1643597
1643598
1643599
1643600
1643601
1643602
1643603
1643604
1643605
1643606
1643607
1643608
1643609
1643610
1643611
1643612
1643613
1643614
1643615
1643616
1643617
1643618
1643619
1643620
1643621
1643622
1643623
1643624
1643625
1643626
1643627
1643628
1643690
1645979
1645980
1647674
1647686
1647687
1647688
1647698
1647699
1647700
1647701
1647702
1649606
1649607
1652956
1657008
1657009
1658793
1662117
1662120
1662127
1662409
1662410
1662486
1664258
1664259
1664260
1664261
1665299
1665300
1665301
1665355
1665356
1665536
1665537
1665538
1672335
1672336
1672337
1672338
1672339
1672340
1672341
1672342
1672343
1672344
1672345
1672796
1676433
1676434
1676435
1676495
1676496
1676497
1676498
1676499
1676500
1676501
1676502
1676503
1676504
1676505
1676506
1676507
1676508
1676509
1676510
1676511
1677828
1677829
1677948
1678136
1678739
1678865
1679477
1679479
1679482
1679484
1679488
1679572
1679573
1679574
1679575
1679576
1679577
1679578
1679579
1679580
1679581
1679582
1679583
1679584
1679585
1679586
1679587
1679588
1679589
1679590
1679591
1679592
1679593
1679594
1679595
1679596
1679597
1679598
1679599
1679600
1679601
1679602
1679603
1679604
1679605
1679606
1679607
1679608
1679609
1679610
1679611
1679612
1679613
1679614
1679615
1679617
1679618
1679619
1679620
1679621
1680930
1680931
1680932
1680933
1680934
1680935
1680936
1680937
1680938
1680939
1680940
1680941
1680942
1680943
1680944
1680945
1680946
1680947
1680948
1680949
1680950
1680951
1680952
1680953
1683554
1683556
1683557
1683558
1683645
1683646
1683647
1683648
1683649
1683650
1683651
1683881
1684164
1688552
1688553
1688554
1688555
1688556
1688557
1688558
1688559
1688560
1688561
1688562
1688563
1690244
1690470
1690471
1696514
1696515
1696516
1696535
1699889
1701100
1701101
1702037
1702038
1705558
1706338
1707436
1707437
1707438
1708499
1708738
1708740
1708741
1708742
1708743
1708744
1708745
1710535
1714582
1714583
1715012
1715016
1715019
1715033
1715036
1715038
1715070
1715071
1715072
1715073
1715095
1715100
1715120
1715125
1715127
1715144
1715146
1715147
1715170
1715181
1715210
1716102
1718924
1718925
1718926
1723650
1725132
1725330
1725331
1725332
1725333
1725334
1725335
1725336
1729974
1733907
1735984
1736108
1736128
1736129
1736130
1738477
1739258
1739273
1739297
1739313
1739314
1739320
1739331
1739342
1739365
1739370
1739372
1739373
1739405
1739425
1739438
1739465
1739468
1739469
1739473
1739477
1739492
1739504
1739507
1739513
1739528
1742399
1742554
1748974
1749013
1749018
1749134
1749213
1751264
1755594
1755595
1755596
1755597
1755598
1755599
1755600
1755601
1755614
1755615
1755616
1755617
1755618
1758538
1761444
1761445
1761446
1761447
1761700
1761701
1761702
1761703
1761783
1765680
1766756
1770019
1770030
1770032
1773495
1776443
1779473
1781316
1784886
1784887
1784888
1792525
1792526
1792527
1793956
1793957
1793958
1793959
1794487
1794488
1794489
1794490
1794491
1794492
1794493
1794494
1794495
1794496
1794497
1794498
1794499
1794500
1794501
1794502
1794503
1794504
1794505
1794506
1794507
1794508
1794509
1794510
1794511
1794512
1794513
1794514
1794515
1794516
1794517
1794518
1794519
1794520
1794521
1794522
1794523
1794524
1794525
1794526
1794527
1794528
1794529
1794530
1794531
1794532
1794533
1794534
1794535
1794536
1794560
1794561
1794562
1794563
1794564
1794565
1794566
1794567
1794568
1794569
1794570
1794571
1794572
1794573
1794574
1796629
1796630
1796632
1796639
1796640
1796641
1796775
1798154
1799364
1799365
1803598
1805814
1805815
1806903
1810670
1810671
1810672
1810673
1810674
1810675
1810676
1810677
1810678
1810679
1810680
1810681
1810682
1810683
1810684
1810685
1810686
1810687
1810688
1810689
1810690
1810691
1810692
1812082
1813741
1813742
1814218
1814312
1821825
1821826
1821827
1821828
1821829
1821830
1821831
1821832
1822110
1825567
1827117
1827118
1834165
1834167
1834168
1834169
1834172
1834173
1834174
1834175
1834176
1834177
1834178
1834180
1834181
1834182
1834184
1834187
1834188
1834189
1834190
1834191
1834192
1834193
1836044
1836283
1836284
1836285
1836286
1836742
1836743
1836744
1836745
1836746
1840500
1842538
1843682
1844084
1844085
1844086
1844656
1844657
1844658
1847902
1847903
1848658
1848676
1848677
1848678
1848679
1849574
1850438
1850446
1851870
1851871
1851872
1851873
1851874
1853116
1853281
1853282
1853317
1853555
1853761
1854502
1854503
1854514
1854515
1854516
1854517
1854518
1854519
1854520
1854521
1854522
1854523
1854524
1854525
1854526
1854527
1854528
1854529
1854530
1854531
1854532
1854533
1854534
1854535
1854536
1854537
1854538
1854539
1855452
1855453
1856520
1856521
1856522
1856523
1856524
1856525
1856526
1856527
1856528
1856529
1856530
1856531
1856532
1856533
1856534
1856535
1856536
1856537
1856538
1856539
1856540
1856541
1856542
1856543
1856544
1856545
1856546
1856547
1856548
1856549
1856550
1856551
1856552
1856553
1856554
1856555
1856556
1856557
1856578
1857215
1857216
1857217
1857218
1858883
1858884
1859622
1860051
1862360
1862597
1866327
1866328
1866329
1866330
1866331
1867827
1867828
1880658
1884830
1884831
1885913
1885914
1890280
1897062
1903684
1913067
1913071
1913072
1913074
1920278
1920279
1920735
1926284
1926865
1926866
1926867
1931217
1931239
1941119
1946093
1946094
1946095
1946096
1946097
1946098
1946099
1946100
1946101
1946102
1946103
1946104
1946105
1946106
1946107
1946108
1946109
1946110
1946111
1946112
1946113
1946114
1946115
1946116
1946727
1946728
1946729
1946730
1946731
1946732
1946733
1946734
1946735
1972069
1977028
1977029
1981070
1981071
1981072
1981074
1981078
1981079
1981080
1981082
1987383
1987385
1987386
2006554
2006555
2006557
2006558
2006559
2006560
2006561
2006986
2006987
2006988
2012478
2013020
2013021
2013971
2022139
2025113
2025114
2035004
2042028
2042029
2042030
2042031
2042032
2042033
2042034
2042035
2042036
2042037
2042038
2042039
2042040
2042041
2042042
2042043
2042044
2042045
2042046
2044489
2044490
2044491
2044492
2044493
2057791
2060306
2060307
2069346
2069347
2069348
2069349
2069350
2069351
2069352
2069353
2069354
2069355
2069356
2069357
2069358
2069359
2069360
2080222
2082190
2082191
2082192
2099788
2099789
2108362
2109645
2138084
2138308
2170483
2230865
2230866
2230867
2230868
2230869
2230870
2230871
2230872
2230873
2230874
2230875
2230877
2230878
2230879
2230880
2230881
2230882
2230883
2233534
2233541
2248751
2267519
2268022
2282120
2315836
2315837
2315838
2315839
2358410
2358411
2420313
2478961
2507074
2507158
2508528
2508709
2529588
2529589
2529590
2529591
2529592
2529593
2529594
2529595
2529596
2529597
2529598
2529599
2529600
2529601
2529602
2529603
2529604
2529605
2529606
2529607
2529608
2529609
2529610
2529611
2529612
2529613
2529614
2529615
2529616
2529617
2529618
2529619
2529620
2529621
2529622
2529623
2529624
2529625
2529626
2529627
2529628
2529629
2529630
2529631
2529632
2529633
2529634
2529635
2529636
2529637
2529638
2529639
2529640
2529641
2529642
2529643
2529644
2529645
2529646
2529647
2529648
2529649
2529650
2529651
2529652
2529653
2529654
2529655
2529656
2529657
2529658
2529659
2529660
2529661
2529662
2529663
2529664
2529665
2529666
2529667
2529668
2529669
2529670
2529671
2529672
2529673
2529674
2529675
2529676
2529677
2529678
2529679
2529680
2529681
2529682
2529683
2529684
2529685
2529686
2529687
2529688
2529689
2529690
2529691
2529692
2529693
2529694
2529695
2529696
2529697
2529698
2529699
2529700
2529701
2529702
2529703
2529704
2529705
2529706
2529707
2529708
2529709
2529710
2529711
2529712
2529713
2529714
2529715
2529716
2529717
2529718
2529719
2529720
2529721
2529722
2529723
2529724
2529725
2529726
2529727
2529728
2529729
2529730
2529731
2529732
2529733
2529734
2529735
2529736
2529737
2529738
2529739
2529740
2529741
2529742
2529743
2529744
2529745
2529746
2529747
2529748
2529749
2529750
2529751
2529752
2529753
2529754
2529755
2529756
2529757
2529758
2529759
2529760
2529761
2529762
2529763
2529764
2529765
2529766
2529767
2529768
2529769
2529770
2529771
2529772
2529773
2529774
2529775
2529776
2529777
2529778
2529779
2529780
2529781
2529782
2529783
2529784
2529785
2559707
2571126
2582830
2584157
2585143
2585144
2590214
2594494
2594495
2594496
2596827
2597384
2597386
2601248
2603289
2603290
2603296
2604480
2604481
2604482
2605776
2605783
2605784
2607727
2608892
2608893
2608894
2608898
2608899
2608900
2608901
2608902
2608903
2608904
2608907
2608908
2608909
2608912
2608914
2608919
2608922
2608923
2608924
2608925
2608926
2608927
2608934
2661626
2662430
2663011
2668066
2675318
2675319
2675320
2681394
2690380
2692756
2692757
2692917
2695882
2705428
2705429
2705430
2705431
2705432
2708092
2709401
2709402
2713610
2715230
2715231
2717813
2718932
2720565
2720566
2720568
2720573
2720577
2720578
2720579
2720580
2720582
2720583
2720584
2720585
2722706
2722741
2722742
2722743
2722744
2725305
2725309
2737663
2737664
2738888
2738984
2740293
2740463
2740566
2750024
2750821
2750941
2750974
2750975
2750977
2750984
2750988
2750998
2751000
2751001
2751002
2751004
2751006
2751008
2751017
2751024
2751025
2751026
2751027
2751028
2751029
2751030
2751031
2751032
2751033
2751034
2751035
2751036
2751037
2751038
2751039
2751040
2751041
2755567
2759150
2759151
2759856
2761100
2762243
2764584
2767452
2767453
2767454
2767455
2767459
2767460
2767844
2767846
2767921
2769015
2769016
2769017
2769018
2769019
2769020
2769021
2769022
2773925
2774628
2774629
2774630
2774631
2774632
2774633
2774634
2774635
2774636
2774637
2774638
2774639
2774640
2774641
2774642
2774643
2774644
2774645
2774646
2774647
2774648
2774649
2774650
2774651
2774652
2774653
2774654
2774655
2774656
2774657
2774658
2774659
2774660
2774661
2774662
2774663
2774664
2774665
2774666
2774667
2774668
2774669
2774670
2774671
2774672
2774673
2774674
2774675
2774676
2774677
2774678
2774679
2774680
2774681
2774682
2774683
2774684
2774685
2774686
2774687
2774688
2774689
2774690
2774691
2774692
2774693
2774694
2774695
2774696
2774697
2774698
2774699
2774700
2774701
2774702
2774703
2774704
2774705
2774706
2774707
2774708
2774709
2774710
2774711
2774712
2774713
2774714
2774715
2774716
2774717
2774718
2774719
2774720
2774721
2774722
2774723
2774724
2774725
2774726
2774727
2774728
2774729
2774730
2774731
2774732
2774733
2774734
2774735
2774736
2774737
2774738
2774739
2774740
2774741
2774742
2774743
2774744
2774745
2774746
2774747
2774748
2774749
2774750
2774751
2774752
2774753
2774754
2774755
2774756
2774757
2774758
2774759
2774760
2774761
2774762
2774763
2774764
2774765
2774766
2774767
2774768
2774769
2774770
2774771
2774772
2774773
2774774
2774775
2774776
2774777
2774778
2774779
2774780
2774781
2774782
2774783
2774784
2774785
2774786
2774787
2774788
2774789
2774790
2774791
2774792
2774793
2774794
2774795
2774796
2774797
2774798
2774799
2774800
2774801
2774802
2774803
2774804
2774805
2774806
2774807
2774808
2774809
2774810
2774811
2774812
2774813
2774814
2774815
2774816
2774817
2774818
2774819
2774820
2774821
2774822
2774823
2774824
2774825
2774826
2774827
2774828
2774829
2774830
2774831
2774832
2774833
2774834
2774835
2774836
2774837
2774838
2774839
2774840
2774841
2774842
2774843
2774844
2774845
2774846
2774847
2774848
2774849
2774850
2774851
2774852
2774853
2774854
2774855
2774856
2774857
2774858
2774859
2774860
2774861
2774862
2774863
2774864
2774865
2774866
2774867
2774868
2774869
2774870
2774871
2774872
2774884
2774885
2774886
2774887
2774888
2774889
2774890
2774891
2774892
2774893
2774894
2774895
2774896
2774897
2774898
2774899
2774900
2774901
2774902
2774903
2774904
2774905
2774906
2774907
2774908
2774909
2774910
2774911
2774912
2774913
2774914
2774915
2774916
2774917
2774918
2774919
2774920
2774921
2774922
2774923
2774924
2774925
2774926
2774927
2774928
2774929
2774930
2774931
2774932
2774933
2774934
2774935
2774936
2774937
2774938
2774939
2774940
2774941
2774942
2774943
2774944
2774945
2774946
2774947
2774948
2774949
2774950
2774951
2774952
2774953
2774954
2774955
2774956
2774957
2774958
2774959
2774960
2774961
2774962
2774963
2774964
2774965
2774966
2774967
2774968
2774969
2774970
2774971
2774972
2774973
2774974
2774975
2774976
2774977
2774978
2774979
2774980
2774981
2774982
2774983
2774984
2774985
2774986
2774987
2774988
2774989
2774990
2774991
2774992
2774993
2774994
2774995
2774996
2774997
2774998
2774999
2775000
2775001
2775002
2775003
2775004
2775005
2775006
2775007
2775008
2775009
2775010
2775011
2775012
2775013
2775014
2775015
2775016
2775017
2775018
2775019
2775020
2775876
2775882
2778955
2787145
2787713
2787714
2792717
2794338
2794352
2794857
2794858
2794859
2794860
2794861
2796363
2796453
2799575
2799576
2800088
2803733
2803953
2803954
2809025
2809029
2809030
2815321
2815322
2815323
2815324
2815325
2815326
2815327
2815328
2815329
2816384
2816385
2816909
2816910
2816911
2816912
2816960
2819916
2823136
2823137
2823138
2823139
2823140
2823958
2823959
2823960
2830167
2830168
2832296
2832297
2836368
2837629
2837633
2846985
2846986
2846987
2846988
2846989
2846990
2846991
2846992
2846993
2846994
2846995
2846996
2846997
2846998
2846999
2847000
2847001
2847002
2847003
2847004
2847005
2847006
2847007
2847008
2847009
2849165
2849166
2849167
2849655
2850402
2851740
2851741
2851742
2851743
2851744
2851745
2851746
2851747
2851748
2851749
2851750
2851751
2851752
2862343
2866952
2866953
2866954
2870565
2871935
2871936
2874514
2875481
2879149
2879150
2879940
2881277
2884902
2884905
2885157
2885159
2886039
2887349
2923377
2925313
2926292
2929797
2939820
2939821
2939855
2939857
2939870
2939877
2939904
2939909
2939917
2939928
2939929
2939941
2939959
2939977
2939991
2940001
2940003
2940015
2940058
2940634
____________________
44688
272622
272623
299033
321956
353496
390333
391904
416870
442563
486409
525337
525338
537937
537973
548480
552531
555970
557433
565040
565042
573236
580050
684738
703613
722911
742729
746361
759350
767455
767468
784613
888027
889516
889971
890402
911598
929102
1035817
1036177
1042399
1042400
1042402
1042403
1046624
1075106
1104322
1111678
1117941
1121111
1137134
1139996
1149132
1150460
1161743
1161744
1161745
1161904
1167629
1168290
1205679
1217420
1225185
1234871
1234873
1234875
1234876
1234877
1235989
1236944
1249017
1256195
1256196
1256197
1256198
1256199
1256200
1256201
1256202
1256203
1256204
1256205
1256206
1256207
1256208
1256209
1256210
1256211
1256212
1256213
1256214
1256215
1256216
1256217
1256218
1256219
1256220
1256221
1256222
1256223
1256224
1256225
1256226
1256229
1256230
1266716
1268786
1269760
1273150
1281781
1286878
1291762
1295826
1295827
1300227
1316911
1316964
1348655
1348656
1350471
1350472
1350473
1365953
1365954
1365955
1365956
1365957
1365959
1379274
1390360
1399116
1402194
1410605
1415168
1415606
1422838
1423823
1423824
1423827
1423828
1423830
1437595
1437597
1437600
1437602
1437611
1447716
1449093
1457183
1457184
1457185
1457186
2138146
2153225
2153226
2153227
2153228
2153229
2153230
2163180
2163181
____________________
40041
99822
119602
148942
160490
160491
184246
184250
186103
193567
198466
205921
208435
211110
254358
286636
293653
294934
319701
321845
370551
370552
370553
370554
467705
471872
471876
487215
529946
529947
529948
529949
529950
529951
529952
529953
529954
529955
529956
529957
529958
529959
529960
529961
529962
529963
529964
529965
529966
529967
529968
529969
529970
529971
529972
529973
529974
529975
529976
529977
529978
529979
529980
529981
529982
529983
529984
529985
529986
529987
529988
529989
529990
529991
529992
529993
529994
529995
529996
529997
529998
529999
530000
530001
530002
530003
530004
530005
530006
530007
530008
530009
530010
530011
530012
530013
530014
530015
530016
530017
530018
530019
530020
530021
530022
530023
530024
530025
530026
530027
530028
530029
530030
545774
574965
591365
637909
706437
742820
768726
798300
857292
858698
861455
862966
862967
862970
862971
864570
883167
904294
981539
990317
1000570
1000588
1048264
1069533
1095731
1159205
1159206
1159207
1161422
1163301
1163302
1165093
1207470
1248420
1255580
1255600
1258574
1266854
1272518
1272910
1282664
1282665
1297534
1297857
1316590
1333864
1333865
1403946
1440772
1671923
